[TradeLog]
InitialCapital = 100000
RiskPerTrade = 0.02
; Equity Intraday  - 0.00016485 + 0.00002 = 0.00018485
Expense = 0.00018485